image: octomap.pgm
resolution: 0.050000
origin: [-7.500000, -14.400000, 0.0]
negate: 0
occupied_thresh: 0.65
free_thresh: 0.196

